    600.00      20.00   18.03170   10.13930
    610.00      20.00   18.21120   10.15460
    620.00      20.00   18.38970   10.16970
    630.00      20.00   18.56720   10.18460
    640.00      20.00   18.74370   10.19930
    650.00      20.00   18.91930   10.21390
    660.00      20.00   19.09400   10.22840
    670.00      20.00   19.26780   10.24270
    680.00      20.00   19.44070   10.25680
    690.00      20.00   19.61270   10.27080
    700.00      20.00   19.78380   10.28450
    710.00      20.00   19.95390   10.29810
    720.00      20.00   20.12320   10.31140
    730.00      20.00   20.29170   10.32450
    740.00      20.00   20.45930   10.33740
    750.00      20.00   20.62630   10.35010
    760.00      20.00   20.79290   10.36270
    770.00      20.00   20.95890   10.37520
    780.00      20.00   21.12460   10.38750
    790.00      20.00   21.29000   10.39980
    800.00      20.00   21.45530   10.41190
    810.00      20.00   21.62050   10.42410
    820.00      20.00   21.78570   10.43620
    830.00      20.00   21.95090   10.44820
    840.00      20.00   22.11660   10.46030
    850.00      20.00   22.28230   10.47230
    860.00      20.00   22.44820   10.48440
    870.00      20.00   22.61460   10.49640
    880.00      20.00   22.78100   10.50840
    890.00      20.00   22.94770   10.52040
    900.00      20.00   23.11480   10.53230
