    600.00      70.00   15.45605   17.34414
    610.00      70.00   15.60640   17.35740
    620.00      70.00   15.75730   17.36910
    630.00      70.00   15.90770   17.38080
    640.00      70.00   16.05780   17.39230
    650.00      70.00   16.20790   17.40380
    660.00      70.00   16.35760   17.41520
    670.00      70.00   16.50720   17.42650
    680.00      70.00   16.65630   17.43760
    690.00      70.00   16.80490   17.44870
    700.00      70.00   16.95310   17.45960
    710.00      70.00   17.10040   17.47030
    720.00      70.00   17.24730   17.48090
    730.00      70.00   17.39350   17.49130
    740.00      70.00   17.53930   17.50160
    750.00      70.00   17.68480   17.51180
    760.00      70.00   17.83000   17.52190
    770.00      70.00   17.97510   17.53190
    780.00      70.00   18.12010   17.54190
    790.00      70.00   18.26520   17.55180
    800.00      70.00   18.41010   17.56160
    810.00      70.00   18.55510   17.57140
    820.00      70.00   18.70010   17.58110
    830.00      70.00   18.84530   17.59080
    840.00      70.00   18.99050   17.60040
    850.00      70.00   19.13580   17.61000
    860.00      70.00   19.28120   17.61950
    870.00      70.00   19.42680   17.62900
    880.00      70.00   19.57270   17.63840
    890.00      70.00   19.71850   17.64770
    900.00      70.00   19.86470   17.65700
