    600.00      -5.00   22.85000   -4.50463
    610.00      -5.00   23.04049   -4.51737
    620.00      -5.00   23.23056   -4.53183
    630.00      -5.00   23.41948   -4.54646
    640.00      -5.00   23.60711   -4.56272
    650.00      -5.00   23.79324   -4.57782
    660.00      -5.00   23.97840   -4.59070
    670.00      -5.00   24.16319   -4.60488
    680.00      -5.00   24.34493   -4.61749
    690.00      -5.00   24.52788   -4.62916
    700.00      -5.00   24.70782   -4.63994
    710.00      -5.00   24.88912   -4.64991
    720.00      -5.00   25.06867   -4.65933
    730.00      -5.00   25.24878   -4.66780
    740.00      -5.00   25.42824   -4.67451
    750.00      -5.00   25.60727   -4.68040
    760.00      -5.00   25.78521   -4.68523
    770.00      -5.00   25.96249   -4.68907
    780.00      -5.00   26.13914   -4.69199
    790.00      -5.00   26.31502   -4.69762
    800.00      -5.00   26.49349   -4.70265
    810.00      -5.00   26.67228   -4.70505
    820.00      -5.00   26.84993   -4.70124
    830.00      -5.00   27.02772   -4.69263
    840.00      -5.00   27.20697   -4.68110
    850.00      -5.00   27.38457   -4.66617
    860.00      -5.00   27.56372   -4.65129
    870.00      -5.00   27.74361   -4.63851
    880.00      -5.00   27.92382   -4.63229
    890.00      -5.00   28.10458   -4.61301
    900.00      -5.00   28.28479   -4.58996
