    600.00     -85.00   16.66981  -21.46487
    610.00     -85.00   16.82061  -21.45390
    620.00     -85.00   16.97010  -21.44107
    630.00     -85.00   17.12027  -21.42975
    640.00     -85.00   17.26600  -21.42161
    650.00     -85.00   17.41247  -21.42209
    660.00     -85.00   17.56065  -21.42490
    670.00     -85.00   17.70872  -21.43126
    680.00     -85.00   17.85444  -21.43991
    690.00     -85.00   18.00017  -21.45321
    700.00     -85.00   18.14622  -21.46835
    710.00     -85.00   18.28881  -21.48017
    720.00     -85.00   18.43368  -21.49311
    730.00     -85.00   18.57621  -21.50486
    740.00     -85.00   18.72015  -21.51798
    750.00     -85.00   18.86412  -21.53551
    760.00     -85.00   19.00500  -21.56218
    770.00     -85.00   19.14273  -21.58960
    780.00     -85.00   19.28580  -21.61396
    790.00     -85.00   19.42672  -21.62151
    800.00     -85.00   19.56453  -21.62346
    810.00     -85.00   19.69971  -21.63263
    820.00     -85.00   19.83393  -21.65203
    830.00     -85.00   19.97170  -21.66766
    840.00     -85.00   20.11360  -21.66929
    850.00     -85.00   20.25432  -21.65930
    860.00     -85.00   20.38997  -21.65444
    870.00     -85.00   20.52501  -21.66717
    880.00     -85.00   20.67145  -21.69625
    890.00     -85.00   20.81757  -21.71440
    900.00     -85.00   20.95986  -21.72447
