    600.00      45.00   15.32741   13.78231
    610.00      45.00   15.48710   13.80420
    620.00      45.00   15.64750   13.81960
    630.00      45.00   15.80730   13.83500
    640.00      45.00   15.96670   13.85030
    650.00      45.00   16.12600   13.86550
    660.00      45.00   16.28520   13.88060
    670.00      45.00   16.44420   13.89550
    680.00      45.00   16.60280   13.91040
    690.00      45.00   16.76090   13.92510
    700.00      45.00   16.91840   13.93950
    710.00      45.00   17.07500   13.95380
    720.00      45.00   17.23090   13.96790
    730.00      45.00   17.38600   13.98170
    740.00      45.00   17.54070   13.99540
    750.00      45.00   17.69490   14.00890
    760.00      45.00   17.84880   14.02240
    770.00      45.00   18.00250   14.03560
    780.00      45.00   18.15620   14.04890
    790.00      45.00   18.30970   14.06200
    800.00      45.00   18.46330   14.07500
    810.00      45.00   18.61680   14.08800
    820.00      45.00   18.77030   14.10090
    830.00      45.00   18.92380   14.11370
    840.00      45.00   19.07740   14.12650
    850.00      45.00   19.23100   14.13920
    860.00      45.00   19.38480   14.15190
    870.00      45.00   19.53850   14.16440
    880.00      45.00   19.69250   14.17690
    890.00      45.00   19.84650   14.18920
    900.00      45.00   20.00060   14.20140
