    600.00       0.00   24.26060    0.00000
    610.00       0.00   24.46200    0.00000
    620.00       0.00   24.66170    0.00000
    630.00       0.00   24.85980    0.00000
    640.00       0.00   25.05630    0.00000
    650.00       0.00   25.25150    0.00000
    660.00       0.00   25.44540    0.00000
    670.00       0.00   25.63820    0.00000
    680.00       0.00   25.83000   -0.00000
    690.00       0.00   26.02080    0.00000
    700.00       0.00   26.21100    0.00000
    710.00       0.00   26.40040    0.00000
    720.00       0.00   26.58920    0.00000
    730.00       0.00   26.77770    0.00000
    740.00       0.00   26.96570    0.00000
    750.00       0.00   27.15350    0.00000
    760.00       0.00   27.34100    0.00000
    770.00       0.00   27.52820    0.00000
    780.00       0.00   27.71530    0.00000
    790.00       0.00   27.90220   -0.00000
    800.00       0.00   28.08890   -0.00000
    810.00       0.00   28.27550    0.00000
    820.00       0.00   28.46190   -0.00000
    830.00       0.00   28.64820    0.00000
    840.00       0.00   28.83450    0.00000
    850.00       0.00   29.02050    0.00000
    860.00       0.00   29.20650    0.00000
    870.00       0.00   29.39240   -0.00000
    880.00       0.00   29.57840    0.00000
    890.00       0.00   29.76420    0.00000
    900.00       0.00   29.95000    0.00000
