    600.00       5.00   22.85141    4.50609
    610.00       5.00   23.04375    4.51853
    620.00       5.00   23.23373    4.53275
    630.00       5.00   23.42281    4.54710
    640.00       5.00   23.61051    4.56373
    650.00       5.00   23.79721    4.57893
    660.00       5.00   23.98242    4.59069
    670.00       5.00   24.16562    4.60666
    680.00       5.00   24.34861    4.62149
    690.00       5.00   24.52927    4.63390
    700.00       5.00   24.71174    4.64433
    710.00       5.00   24.89163    4.65544
    720.00       5.00   25.07313    4.66540
    730.00       5.00   25.25286    4.67468
    740.00       5.00   25.43183    4.68117
    750.00       5.00   25.60956    4.68736
    760.00       5.00   25.78741    4.69181
    770.00       5.00   25.96493    4.69519
    780.00       5.00   26.14163    4.69772
    790.00       5.00   26.31867    4.70364
    800.00       5.00   26.49445    4.70792
    810.00       5.00   26.67128    4.70887
    820.00       5.00   26.84998    4.70624
    830.00       5.00   27.02935    4.69712
    840.00       5.00   27.20677    4.68505
    850.00       5.00   27.38532    4.66862
    860.00       5.00   27.56509    4.65462
    870.00       5.00   27.74466    4.64281
    880.00       5.00   27.92410    4.63665
    890.00       5.00   28.10357    4.61386
    900.00       5.00   28.28434    4.58966
