    600.00      90.00   17.23520   24.50000
    610.00      90.00   17.38330   24.50000
    620.00      90.00   17.53060   24.50000
    630.00      90.00   17.67690   24.50000
    640.00      90.00   17.82260   24.50000
    650.00      90.00   17.96770   24.50000
    660.00      90.00   18.11210   24.50000
    670.00      90.00   18.25620   24.50000
    680.00      90.00   18.39970   24.50000
    690.00      90.00   18.54270   24.50000
    700.00      90.00   18.68530   24.50000
    710.00      90.00   18.82770   24.50000
    720.00      90.00   18.96960   24.50000
    730.00      90.00   19.11120   24.50000
    740.00      90.00   19.25250   24.50000
    750.00      90.00   19.39350   24.50000
    760.00      90.00   19.53420   24.50000
    770.00      90.00   19.67480   24.50000
    780.00      90.00   19.81510   24.50000
    790.00      90.00   19.95530   24.50000
    800.00      90.00   20.09540   24.50000
    810.00      90.00   20.23530   24.50000
    820.00      90.00   20.37520   24.50000
    830.00      90.00   20.51490   24.50000
    840.00      90.00   20.65490   24.50000
    850.00      90.00   20.79500   24.50000
    860.00      90.00   20.93500   24.50000
    870.00      90.00   21.07550   24.50000
    880.00      90.00   21.21610   24.50000
    890.00      90.00   21.35690   24.50000
    900.00      90.00   21.49810   24.50000
