    600.00      20.00   11.06117   11.83450
    610.00      20.00   10.29190   11.97349
    620.00      20.00   10.31295   11.92280
    630.00      20.00   10.64127   11.84489
    640.00      20.00   10.96452   11.76826
    650.00      20.00   11.28362   11.69371
    660.00      20.00   11.59827   11.62106
    670.00      20.00   11.90838   11.55052
    680.00      20.00   12.26557   11.44134
    690.00      20.00   13.61280   10.53915
    700.00      20.00   14.32364   10.10406
    710.00      20.00   14.53160   10.05692
    720.00      20.00   14.73398   10.03824
    730.00      20.00   14.93513   10.01958
    740.00      20.00   15.13491   10.00087
    750.00      20.00   15.33379    9.98226
    760.00      20.00   15.53171    9.96362
    770.00      20.00   15.60962    9.93454
    780.00      20.00   15.53643    9.91455
    790.00      20.00   15.63260    9.92320
    800.00      20.00   15.75240    9.93450
    810.00      20.00   15.87160    9.94560
    820.00      20.00   15.99050    9.95670
    830.00      20.00   16.10900    9.96780
    840.00      20.00   16.22710    9.97880
    850.00      20.00   16.34480    9.98970
    860.00      20.00   16.46200   10.00050
    870.00      20.00   16.57870   10.01120
    880.00      20.00   16.69470   10.02180
    890.00      20.00   16.81010   10.03230
    900.00      20.00   16.92470   10.04260
